ISS (ZARYA)             
1 25544U 98067A   19232.88478022  .00000596  00000-0  18267-4 0  9994
2 25544  51.6452  40.3040 0007329 306.1976 200.6302 15.50388255185299
ALTAIR PATHFINDER       
1 42711U 98067LS  19232.48314511  .00035743  00000-0  15158-3 0  9994
2 42711  51.6333 323.1340 0003660   8.1292 351.9771 15.84959004129034
NSIGHT                  
1 42726U 98067MF  19232.82282900  .00015986  00000-0  11688-3 0  9995
2 42726  51.6365 345.3139 0004628  48.1537 311.9856 15.73402221127757
KESTREL EYE IIM (KE2M)  
1 42982U 98067NE  19232.76703164  .00005926  00000-0  68511-4 0  9993
2 42982  51.6383  13.5437 0004200  25.0470 335.0728 15.63480971103781
ASTERIA                 
1 43020U 98067NH  19232.74914339  .00020383  00000-0  15245-3 0  9992
2 43020  51.6444 357.0796 0002474  11.9735 348.1322 15.72665778 99774
DELLINGR (RBLE)         
1 43021U 98067NJ  19232.79720956  .00006140  00000-0  69705-4 0  9994
2 43021  51.6393  13.0413 0002130 354.3746   5.7225 15.63877371 99567
1KUNS-PF                
1 43466U 98067NP  19232.79221667  .00016842  00000-0  15356-3 0  9994
2 43466  51.6376  13.7151 0000880   2.0975 358.0025 15.68023705 72818
UBAKUSAT                
1 43467U 98067NQ  19232.82461325  .00009194  00000-0  10150-3 0  9995
2 43467  51.6381  19.1909 0001965 318.5405  41.5441 15.63879231 72751
BATSU-CS1 (IRAZU)       
1 43468U 98067NR  19232.65246365  .00025027  00000-0  19396-3 0  9996
2 43468  51.6366   9.7399 0001029 353.7302   6.3683 15.71678509172843
CUBERRT                 
1 43546U 98067NU  19232.45309101  .00005569  00000-0  58653-4 0  9998
2 43546  51.6388  21.2084 0004144  20.6544 339.4619 15.66044433 62825
TEMPEST-D               
1 43547U 98067NV  19232.83522539  .00002577  00000-0  39629-4 0  9991
2 43547  51.6398  29.7698 0005500   7.7191 352.3885 15.58491219 62426
RAINCUBE                
1 43548U 98067NW  19232.81089007  .00009193  00000-0  10693-3 0  9998
2 43548  51.6378  24.3318 0005282  16.3397 343.7766 15.62518749 62948
HALOSAT                 
1 43549U 98067NX  19232.81758916  .00009257  00000-0  10800-3 0  9992
2 43549  51.6384  24.3941 0005188  20.8750 339.2455 15.62430857 62506
RADIX                   
1 43550U 98067NY  19232.89357073  .00021075  00000-0  18798-3 0  9997
2 43550  51.6360  16.5789 0003838  31.0792 329.0431 15.68384313 63070
ENDUROSAT ONE           
1 43551U 98067NZ  19232.83604468  .00011937  00000-0  12820-3 0  9991
2 43551  51.6382  21.5180 0005542  26.2908 333.8367 15.64239810 62959
EQUISAT                 
1 43552U 98067PA  19232.80643223  .00009174  00000-0  10573-3 0  9994
2 43552  51.6393  23.5993 0005908  25.3276 334.8007 15.62761630 62882
1998-067PB              
1 43553U 98067PB  19232.45555593  .00006618  00000-0  82232-4 0  9990
2 43553  51.6413  27.2926 0006159  22.7170 337.4095 15.61342479 62854
1998-067PC              
1 43554U 98067PC  19232.79423950  .00012103  00000-0  12807-3 0  9995
2 43554  51.6381  21.2375 0005590  25.2327 334.8940 15.64603145 62494
AEROCUBE 12A            
1 43556U 18046C   19232.07985717  .00000905  00000-0  44434-4 0  9990
2 43556  51.6430 117.3587 0007908 295.8840  64.1324 15.28838094 61102
AEROCUBE 12B            
1 43557U 18046D   19232.22960634  .00001047  00000-0  49604-4 0  9991
2 43557  51.6425 116.8540 0007867 295.7949  64.2218 15.28690264 61077
LEMUR-2-VU              
1 43558U 18046E   19232.69175184  .00001427  00000-0  61511-4 0  9994
2 43558  51.6426 113.2282 0007168 301.5820  58.4460 15.29546904 61202
LEMUR-2-ALEXANDER       
1 43559U 18046F   19232.87611684  .00001941  00000-0  78942-4 0  9992
2 43559  51.6427 112.2136 0007235 302.3102  57.7177 15.29647193 61016
LEMUR-2-YUASA           
1 43560U 18046G   19232.30443426  .00001087  00000-0  49871-4 0  9999
2 43560  51.6426 115.1352 0007641 314.9650  45.0710 15.29506087 61140
LEMUR-2-TOMHENDERSON    
1 43561U 18046H   19232.23728363  .00000849  00000-0  41716-4 0  9993
2 43561  51.6425 115.4385 0007584 314.9107  45.1257 15.29466234 60697
SIRIUSSAT-1             
1 43595U 98067PG  19232.80579817  .00009610  00000-0  11293-3 0  9993
2 43595  51.6370  25.7826 0003159 353.5475   6.5478 15.62191377 57701
SIRIUSSAT-2             
1 43596U 98067PH  19232.84263426  .00009783  00000-0  11559-3 0  9990
2 43596  51.6382  26.0703 0003771 353.8482   6.2465 15.62025106 57703
TANUSHA-3               
1 43597U 98067PJ  19232.83646962  .00013333  00000-0  14450-3 0  9999
2 43597  51.6365  23.7071 0003366   7.7137 352.3909 15.63889921 57734
1998-067PK              
1 43598U 98067PK  19231.99622193  .00012962  00000-0  13959-3 0  9996
2 43598  51.6372  27.8701 0003442   2.3683 357.7328 15.64083684 57603
1998-067PN              
1 43638U 98067PN  19232.83958270  .00005090  00000-0  71658-4 0  9998
2 43638  51.6391  31.2973 0002472 345.3379  14.7541 15.58566132 49552
1998-067PP              
1 43639U 98067PP  19232.80357565  .00007308  00000-0  94335-4 0  9997
2 43639  51.6395  29.5679 0004930 342.1054  17.9765 15.60142975 49580
STARS-ME                
1 43640U 98067PQ  19232.82703173  .00006055  00000-0  81921-4 0  9996
2 43640  51.6380  30.4572 0005009 338.4203  21.6578 15.59247865 49576
ISS DEB (SEDA-AP)       
1 43870U 98067PU  19231.74030401  .00001591  00000-0  29738-4 0  9996
2 43870  51.6413  41.2100 0004065   7.0973 353.0086 15.55627283 37495
CATSAT-2                
1 44029U 98067PV  19232.83880265  .00008051  00000-0  11487-3 0  9994
2 44029  51.6401  35.0601 0004956  30.0432 330.0843 15.57270875 31416
DELPHINI                
1 44030U 98067PW  19232.82694247  .00007466  00000-0  10633-3 0  9999
2 44030  51.6388  34.9643 0004600  27.1736 332.9496 15.57449123 31381
UNITE                   
1 44031U 98067PX  19232.00595636  .00004603  00000-0  71167-4 0  9992
2 44031  51.6396  39.9858 0003344  24.4783 335.6367 15.56247135 31240
TECHEDSAT 8             
1 44032U 98067PY  19232.09811626  .00018485  00000-0  21468-3 0  9993
2 44032  51.6384  35.3475 0003076  19.7882 340.3231 15.61804230 31291
CATSAT-1                
1 44033U 98067PZ  19232.83854794  .00006980  00000-0  10045-3 0  9995
2 44033  51.6402  35.0588 0004820  30.9601 329.1674 15.57283690 31323
SOYUZ-MS 12             
1 44069U 19013A   19231.52209512  .00000044  00000-0  87292-5 0  9990
2 44069  51.6442  47.0569 0007272 301.6161 154.5082 15.50384319185080
CYGNUS NG-11            
1 44188U 19022A   19232.48367009  .00000420  00000-0  15221-4 0  9994
2 44188  51.6451  42.2927 0007326 304.6921 121.9010 15.50386951 19319
ISS DEB                 
1 44303U 98067QA  19232.82465597  .00002280  00000-0  44997-4 0  9996
2 44303  51.6428  40.2164 0005507 290.0154  70.0243 15.51887774 12885
ISS DEB                 
1 44304U 98067QB  19232.85863971  .00007457  00000-0  12537-3 0  9993
2 44304  51.6421  39.6982 0005976 269.1883  90.8423 15.52837423 12905
ISS DEB                 
1 44305U 98067QC  19232.12447194  .00007833  00000-0  12865-3 0  9991
2 44305  51.6391  43.0193 0004724 321.4939  38.5713 15.53417541 12793
ISS DEB                 
1 44306U 98067QD  19231.86598855  .00002264  00000-0  44945-4 0  9991
2 44306  51.6415  45.0539 0006890 281.9138  78.1079 15.51751265 12746
NEPALISAT-1             
1 44329U 98067QE  19231.90489177  .00004488  00000-0  79220-4 0  9991
2 44329  51.6416  44.5676 0006802 317.2004  42.8456 15.52567387  9920
RAAVANA-1               
1 44330U 98067QF  19232.48574360  .00004591  00000-0  80961-4 0  9995
2 44330  51.6416  41.6966 0006804 318.1112  41.9357 15.52533665  9993
UGUISU                  
1 44331U 98067QG  19231.90345890  .00004489  00000-0  79139-4 0  9997
2 44331  51.6416  44.5583 0006816 318.3521  41.6950 15.52602013  9912
SPOOQY-1                
1 44332U 98067QH  19231.90195996  .00004442  00000-0  78301-4 0  9997
2 44332  51.6414  44.5469 0005588 321.2137  38.8451 15.52637162  9877
RED-EYE                 
1 44364U 98067QJ  19232.51734814  .00001712  00000-0  35995-4 0  9997
2 44364  51.6443  41.8983 0006818 282.3846  77.6386 15.51641093  8421
IOD-1 GEMS              
1 44385U 98067QK  19232.82773426  .00006436  00000-0  11177-3 0  9999
2 44385  51.6429  40.2351 0003174 279.6235  80.4397 15.52192883  7526
SWIATOWID               
1 44426U 98067QL  19232.83046241  .00007289  00000-0  12565-3 0  9993
2 44426  51.6425  40.2529 0003937 276.0736  83.9805 15.52175580  7548
KRAKSAT                 
1 44427U 98067QM  19232.78869458  .00003387  00000-0  63061-4 0  9994
2 44427  51.6439  40.4959 0003274 269.3013 197.5282 15.51903333  7578
VCC A                   
1 44428U 98067QN  19231.86181079  .00004388  00000-0  78765-4 0  9998
2 44428  51.6428  45.0337 0002844 289.7828  70.2856 15.52143834  7432
VCC B                   
1 44429U 98067QP  19231.86047134  .00005134  00000-0  90620-4 0  9996
2 44429  51.6426  45.0249 0002708 280.6231  79.4454 15.52222205  7435
VCC C                   
1 44430U 98067QQ  19232.76318417  .00006530  00000-0  11333-3 0  9997
2 44430  51.6429  40.5542 0002884 294.5633  65.5056 15.52184286  6395
ENTRYSAT                
1 44431U 98067QR  19232.76409829  .00004699  00000-0  83865-4 0  9990
2 44431  51.6431  40.5599 0003010 294.3190  65.7485 15.52127263  7514
SOYUZ-MS 13             
1 44437U 19041A   19231.52209512  .00000044  00000-0  87292-5 0  9990
2 44437  51.6442  47.0569 0007272 301.6161 154.5082 15.50384319185089
DRAGON CRS-18           
1 44446U 19044A   19231.52209512  .00000044  00000-0  87292-5 0  9993
2 44446  51.6442  47.0569 0007272 301.6161 154.5082 15.50384319185089
DRAGON CRS-18 DEB       
1 44447U 19044B   19214.25246908  .12456336  12273-4  14390-2 0  9992
2 44447  51.6262 129.8077 0018564  89.2912 271.2006 16.35323463  1180
DRAGON CRS-18 DEB       
1 44448U 19044C   19214.94551617  .16700188  12453-4  45140-3 0  9994
2 44448  51.6395 126.1250 0018701  98.8567 318.3032 16.43675190  1296
PROGRESS-MS 12          
1 44455U 19047A   19231.52209512  .00000044  00000-0  87292-5 0  9996
2 44455  51.6442  47.0569 0007272 301.6161 154.5082 15.50384319185089
SL-4 R/B                
1 44456U 19047B   19216.00636506  .31839060  12737-4  13947-3 0  9990
2 44456  51.6509 121.9082 0007228 170.9440 309.9675 16.56069092   573
