DMSP 5D-2 F14 (USA 131) 
1 24753U 97012A   19232.49147195  .00000042  00000-0  44487-4 0  9994
2 24753  99.0316 240.2433 0008472 348.5753  11.5227 14.15860463155732
NOAA 15                 
1 25338U 98030A   19232.49905310  .00000020  00000-0  27035-4 0  9992
2 25338  98.7446 253.6451 0011455  63.8515 296.3842 14.25927371106205
DMSP 5D-3 F15 (USA 147) 
1 25991U 99067A   19232.55390078 -.00000102  00000-0 -28745-4 0  9996
2 25991  98.9234 197.3399 0008846 237.4896 234.4223 14.16519275 17705
METEOSAT-8 (MSG-1)      
1 27509U 02040B   19232.20543801  .00000134  00000-0  00000+0 0  9996
2 27509   6.1967  55.3344 0000539 132.6227 255.7295  1.00278853 62252
DMSP 5D-3 F16 (USA 172) 
1 28054U 03048A   19232.52032639 -.00000115  00000-0 -37276-4 0  9999
2 28054  98.8714 208.2497 0007822   7.8133 102.4842 14.13679477817232
NOAA 18                 
1 28654U 05018A   19232.54092622  .00000055  00000-0  54591-4 0  9994
2 28654  99.0907 280.4362 0014212   5.4317 354.7006 14.12445841734391
METEOSAT-9 (MSG-2)      
1 28912U 05049B   19232.31561109  .00000014  00000-0  00000+0 0  9997
2 28912   3.7888  71.0817 0001858  60.3213 313.8917  1.00275705 50081
HIMAWARI-7 (MTSAT-2)    
1 28937U 06004A   19232.87215819 -.00000246  00000-0  00000+0 0  9999
2 28937   0.0858 276.1826 0003669 236.1822 275.5310  1.00270706 49360
FORMOSAT-3 FM6          
1 29047U 06011A   19232.49489999 -.00000025  00000-0  64446-5 0  9995
2 29047  71.9802   6.2734 0051310 223.9763 135.7286 14.28691487698213
FORMOSAT-3 FM1          
1 29048U 06011B   19232.15588810  .00000058  00000-0  39302-4 0  9998
2 29048  71.9657 278.2339 0043729 183.0739 177.0135 14.28645933700635
FORMOSAT-3 FM5          
1 29049U 06011C   19232.87410073  .00000040  00000-0  31978-4 0  9995
2 29049  72.0196  86.7029 0035801 211.1421 148.7595 14.28731725696529
FORMOSAT-3 FM3          
1 29050U 06011D   19231.54294000  .00000120  00000-0  35597-4 0  9990
2 29050  72.0143 266.4435 0048986 157.5265 202.8049 14.58822435712255
FORMOSAT-3 FM4          
1 29051U 06011E   19231.76024666  .00000034  00000-0  29142-4 0  9997
2 29051  72.0073 351.5976 0066641  88.0928 272.7839 14.28758881698959
FORMOSAT-3 FM2          
1 29052U 06011F   19232.06122359  .00000020  00000-0  23815-4 0  9996
2 29052  72.0338  64.2881 0039914 172.5538 187.6200 14.28858347697320
GOES 13                 
1 29155U 06018A   19232.44077162  .00000001  00000-0  00000+0 0  9995
2 29155   0.0602 296.5801 0007380 304.9173 132.4969  0.99973516 48520
METOP-A                 
1 29499U 06044A   19232.18919949 -.00000010  00000-0  14977-4 0  9998
2 29499  98.5697 283.5877 0001710  83.4700 345.3466 14.21481304665949
DMSP 5D-3 F17 (USA 191) 
1 29522U 06050A   19232.55156117 -.00000051  00000-0 -34796-5 0  9991
2 29522  98.8187 248.2292 0009254 321.6920  38.3594 14.13999515660062
FENGYUN 3A              
1 32958U 08026A   19232.69028946 -.00000038  00000-0  12081-5 0  9993
2 32958  98.3825 229.4848 0009583 127.8667 232.3369 14.18605993582046
FENGYUN 2E              
1 33463U 08066A   19232.07092025 -.00000209  00000-0  00000+0 0  9992
2 33463   3.7208  69.1609 0003606 257.7349 113.5573  1.00272484 39098
NOAA 19                 
1 33591U 09005A   19232.52622451  .00000019  00000-0  35533-4 0  9992
2 33591  99.1833 225.1800 0013560 198.4024 161.6658 14.12372030542778
GOES 14                 
1 35491U 09033A   19232.45990199 -.00000097  00000-0  00000+0 0  9996
2 35491   0.4116 277.8483 0011511 295.1265 176.6091  1.00276090 37166
METEOR-M 1              
1 35865U 09049A   19232.84644446  .00000003  00000-0  19783-4 0  9991
2 35865  98.4149 228.1428 0002533  20.3270 339.8009 14.22204257515055
DMSP 5D-3 F18 (USA 210) 
1 35951U 09057A   19232.50709983  .00000042  00000-0  44747-4 0  9998
2 35951  98.6228 227.9468 0011719 145.0649 215.1295 14.13215525507350
GOES 15                 
1 36411U 10008A   19232.41408740  .00000051  00000-0  00000+0 0  9994
2 36411   0.3394  98.8134 0001707  38.5847 211.6777  1.00272419 34676
COMS 1                  
1 36744U 10032A   19231.86379257 -.00000350  00000-0  00000-0 0  9992
2 36744   0.0246 114.7938 0001063  60.8233 231.4169  1.00271645 26081
FENGYUN 3B              
1 37214U 10059A   19232.89589069 -.00000014  00000-0  15930-4 0  9991
2 37214  99.0055 205.6218 0017733  44.1041 316.1548 14.15921613455001
SUOMI NPP               
1 37849U 11061A   19232.17484022  .00000010  00000-0  25586-4 0  9996
2 37849  98.7375 169.5309 0001559  75.6086  36.1591 14.19547476404738
FENGYUN 2F              
1 38049U 12002A   19231.93235998 -.00000362  00000-0  00000-0 0  9995
2 38049   1.3778  82.8091 0001142 164.0317 168.9125  1.00264843 27885
METEOSAT-10 (MSG-3)     
1 38552U 12035B   19232.27077771  .00000058  00000-0  00000+0 0  9991
2 38552   1.1378 341.8916 0001892 176.3775 276.9100  1.00272898 26227
METOP-B                 
1 38771U 12049A   19232.16254329 -.00000019  00000-0  11436-4 0  9991
2 38771  98.6983 290.6048 0002051 116.1693 267.1648 14.21494608359072
FENGYUN 3C              
1 39260U 13052A   19232.80034818 -.00000035  00000-0  38178-5 0  9991
2 39260  98.5980 289.5052 0011148   8.8802 351.2568 14.15870881305936
METEOR-M 2              
1 40069U 14037A   19232.68338707 -.00000042  00000-0 -44476-7 0  9993
2 40069  98.5468 275.9477 0006647  79.7784 280.4137 14.20663732265368
HIMAWARI-8              
1 40267U 14060A   19232.51231005 -.00000280  00000-0  00000+0 0  9994
2 40267   0.0371 239.5277 0000897 327.0750  87.0368  1.00271952 17866
FENGYUN 2G              
1 40367U 14090A   19232.50403178 -.00000302  00000-0  00000+0 0  9994
2 40367   1.3772  99.6540 0000641 256.2017 253.3248  1.00262888 17043
METEOSAT-11 (MSG-4)     
1 40732U 15034A   19232.34074089 -.00000007  00000-0  00000+0 0  9998
2 40732   0.9177 254.2780 0002444 240.6833 316.0165  1.00275049 15039
ELEKTRO-L 2             
1 41105U 15074A   19232.85837492 -.00000101  00000-0  00000+0 0  9993
2 41105   0.4911 105.0175 0001505  25.2342 223.7019  1.00272319 13526
HIMAWARI-9              
1 41836U 16064A   19232.87370868 -.00000279  00000-0  00000+0 0  9991
2 41836   0.0139 312.3272 0001014 229.1381 242.7153  1.00267098 10311
GOES 16                 
1 41866U 16071A   19232.46931189 -.00000252  00000-0  00000+0 0  9997
2 41866   0.0200 101.9160 0001044 116.0513 204.2871  1.00266610 10112
FENGYUN 4A              
1 41882U 16077A   19232.50516584 -.00000335  00000-0  00000+0 0  9996
2 41882   0.0895  83.8784 0002225  53.9065 117.2405  1.00278266  9982
CYGFM05                 
1 41884U 16078A   19231.84971103  .00000178  00000-0  11195-4 0  9993
2 41884  34.9564 139.3656 0016630 225.3558 134.5798 15.14426101148204
CYGFM04                 
1 41885U 16078B   19232.84432178  .00000186  00000-0  11459-4 0  9991
2 41885  34.9497 128.0075 0015094 241.2808 118.6387 15.14933911148409
CYGFM02                 
1 41886U 16078C   19232.83735555  .00000184  00000-0  11362-4 0  9997
2 41886  34.9588 129.5767 0015828 238.1572 121.7599 15.14936317148394
CYGFM01                 
1 41887U 16078D   19231.84709577  .00000187  00000-0  11687-4 0  9996
2 41887  34.9530 140.0558 0017099 226.3722 133.5571 15.14243050148190
CYGFM08                 
1 41888U 16078E   19232.11921611  .00000178  00000-0  11118-4 0  9992
2 41888  34.9502 135.4117 0016305 233.4350 126.4861 15.14652206148251
CYGFM06                 
1 41889U 16078F   19232.81466313  .00000200  00000-0  12171-4 0  9999
2 41889  34.9584 128.3962 0014764 237.9795 121.9482 15.14926924148395
CYGFM07                 
1 41890U 16078G   19232.79303323  .00000197  00000-0  12005-4 0  9990
2 41890  34.9521 127.7641 0014529 240.2429 119.6837 15.14926075148390
CYGFM03                 
1 41891U 16078H   19231.79939190  .00000188  00000-0  11579-4 0  9992
2 41891  34.9552 134.1031 0013952 230.9972 128.9497 15.14925487148243
FENGYUN 3D              
1 43010U 17072A   19232.80364103 -.00000026  00000-0  81802-5 0  9990
2 43010  98.7159 171.1194 0000824 187.1207 172.9975 14.19724793 91392
NOAA 20                 
1 43013U 17073A   19232.53994631 -.00000011  00000-0  15483-4 0  9994
2 43013  98.7221 169.7498 0001524  90.7726 269.3625 14.19560697 90829
GOES 17                 
1 43226U 18022A   19232.45674991  .00000093  00000-0  00000+0 0  9993
2 43226   0.0197  78.2047 0000385  70.8453 206.6774  1.00270740  5432
FENGYUN 2H              
1 43491U 18050A   19232.50010617 -.00000132  00000-0  00000+0 0  9998
2 43491   1.3659 280.7711 0002989 238.2108  68.7310  1.00272019  4512
METOP-C                 
1 43689U 18087A   19232.34581478 -.00000044  00000-0  00000+0 0  9999
2 43689  98.7003 291.1067 0003151 128.9273 231.2196 14.21492473 40675
GEO-KOMPSAT-2A          
1 43823U 18100A   19232.00738285 -.00000349  00000-0  00000+0 0  9996
2 43823   0.0154 150.1559 0002018 334.2814 334.5256  1.00272084  2660
METEOR-M2 2             
1 44387U 19038A   19232.83478872 -.00000037  00000-0  27459-5 0  9994
2 44387  98.5729 194.6851 0001163 357.3662   2.7510 14.23333495  6621
